0101100000000011001110011000000100000100
0111100000111000011100000000001101000000
0110101000011100000000001100001101100000
0000001000100000000001000000100110000000
0000000000000000000000101111010000000000
1100000000000001110000000101000000000000
1100000010000000100000100011000110000000
0000000001100000100000101010000100000000
0000000000000110000000101111010000001000
1000000110101010100001001101110100000010
0001000011101101111000000100000000000000
1100000100001011110000010101010000000001
0110100111101101111010000101000000100001
1100001010000010101000100000001010100000
1110000100000011000000100001000000100001
1000000000010101000010100000001100001010
1010001000010110011010100000110000001010
0000000000000111111111100000010110001110
0000000101111101101010110001000000100100
0101000001000100110011100001100100001100